4294967279,532
4294967278,174
4294967278,231
4294967278,329
4294967278,365
4294967278,452
4294967278,320
4294967278,58
4294967278,57
4294967278,56
4294967278,55
4294967278,54
4294967278,53
4294967278,52
4294967278,51
4294967278,50
4294967278,49
4294967278,48
4294967278,47
4294967278,46
4294967278,45
4294967278,44
4294967278,43
4294967278,42
4294967278,41
4294967278,40
4294967278,39
4294967278,38
4294967278,37
4294967278,36
4294967278,305
4294967278,35
4294967278,34
4294967278,33
4294967278,32
4294967278,31
4294967278,30
4294967278,29
4294967278,28
4294967278,27
4294967278,26
4294967278,25
4294967278,24
4294967278,23
4294967278,22
4294967278,21
4294967279,316
4294967279,313
4294967279,81
4294967279,79
4294967279,76
4294967279,540
4294967279,72
4294967279,71
4294967279,70
4294967279,69
4294967279,68
4294967279,67
4294967279,65
4294967279,64
4294967279,56
4294967279,51
4294967279,50
4294967279,45
4294967279,39
4294967279,35
4294967279,33
4294967279,30
4294967279,28
4294967279,27
4294967279,21
4294967279,19
4294967279,18
4294967279,16
4294967279,14
4294967279,13
4294967279,12
4294967279,10
4294967279,531
4294967279,59
4294967279,58
4294967278,372
4294967294,1166
4294967294,1163
4294967294,1158
4294967294,1019
4294967294,990
4294967294,988
4294967294,60
4294967279,168
4294967279,166
4294967279,161
4294967279,48
4294967279,565
4294967278,298
4294967279,46
4294967279,541
4294967278,464
4294967279,44
4294967279,42
4294967279,153
4294967278,450
170,6
170,5
170,4
170,3
170,2
170,1
4294967278,306
4294967279,297
4294967294,166
4294967279,289
4294967278,463
4294967279,25
4294967278,136
4294967279,23
4294967278,383
4294967279,284
4294967294,1421
4294967294,168
4294967294,453
4294967294,110
4294967294,119
4294967294,112
4294967294,457
4294967279,269
4294967278,284
167,5
167,4
167,3
167,2
167,1
4294967279,571
4294967278,263
4294967279,524
165,5
165,4
4294967278,339
165,3
165,2
165,1
4294967279,573
4294967294,1424
4294967278,380
4294967279,332
163,6
4294967294,475
163,5
163,4
163,3
163,2
163,1
4294967278,238
4294967279,331
4294967278,237
162,5
162,4
162,3
162,2
162,1
4294967279,228
4294967278,227
4294967278,223
4294967279,222
4294967279,219
4294967278,216
161,5
4294967279,215
161,4
161,3
161,2
161,1
160,5
160,4
160,3
160,2
160,1
4294967294,474
4294967279,201
4294967278,200
4294967279,200
4294967279,195
4294967278,196
158,4
4294967279,196
158,3
158,2
158,1
4294967278,462
4294967294,387
4294967279,574
4294967279,280
4294967279,534
4294967278,352
4294967279,533
4294967278,184
4294967279,75
4294967279,74
4294967279,546
4294967278,183
4294967278,360
4294967279,545
4294967279,181
4294967278,180
4294967279,63
4294967279,61
4294967279,174
4294967279,88
4294967279,38
4294967279,22
4294967279,20
4294967278,179
4294967279,330
4294967278,461
4294967278,451
4294967279,176
4294967294,1093
4294967294,996
4294967294,421
4294967294,182
4294967294,163
4294967294,161
4294967278,173
4294967279,173
4294967279,172
4294967279,170
4294967279,169
4294967294,395
4294967294,179
4294967294,183
4294967294,411
4294967294,451
4294967294,160
4294967294,189
4294967294,175
4294967279,329
4294967278,309
4294967278,308
4294967279,157
157,6
4294967279,159
157,5
157,4
157,3
157,2
157,1
4294967279,291
4294967278,356
4294967279,299
4294967278,460
4294967294,1095
4294967279,151
4294967279,150
4294967279,146
4294967279,296
4294967278,145
4294967279,144
4294967278,144
4294967279,143
4294967279,287
4294967278,291
4294967279,557
4294967279,272
4294967279,136
4294967279,271
154,5
154,4
154,2
154,1
4294967279,268
4294967279,270
4294967294,1423
4294967279,282
4294967279,278
4294967278,283
4294967279,539
4294967279,294
4294967279,260
4294967278,459
4294967279,261
4294967279,275
4294967278,301
152,5
152,4
4294967279,257
152,3
152,2
152,1
4294967278,258
4294967279,523
4294967278,338
4294967278,376
4294967279,520
150,6
4294967294,89
4294967294,1418
4294967294,393
4294967294,114
4294967279,328
150,5
4294967279,516
150,4
4294967278,254
150,3
150,2
150,1
4294967278,333
4294967279,515
4294967278,332
4294967279,250
4294967279,249
4294967279,514
4294967278,251
4294967278,249
4294967279,248
149,5
149,4
4294967279,243
149,3
149,2
149,1
4294967294,473
4294967279,563
4294967278,331
4294967278,235
4294967279,231
4294967279,229
148,5
148,4
148,3
148,2
148,1
4294967279,226
4294967294,468
4294967294,1
4294967278,225
4294967294,1000
4294967294,1001
4294967294,186
4294967294,1176
4294967279,234
4294967279,217
4294967278,449
4294967279,220
4294967279,218
4294967278,218
147,5
4294967279,216
147,4
147,3
147,2
147,1
4294967279,213
4294967278,212
4294967279,212
4294967294,472
4294967278,327
4294967279,210
4294967278,207
4294967279,207
4294967294,392
4294967294,390
4294967294,99
4294967294,76
4294967279,327
4294967279,203
145,4
145,3
145,2
145,1
4294967279,202
0,7
4294967278,201
4294967294,0
4294967294,29
4294967294,385
4294967294,1005
4294967294,403
4294967294,414
4294967294,118
4294967294,450
4294967294,404
4294967294,469
4294967294,388
4294967294,45
4294967294,389
4294967294,115
4294967294,120
4294967294,2
4294967294,107
4294967294,1174
4294967294,1017
4294967294,427
4294967294,40
4294967294,38
4294967294,424
4294967294,82
4294967278,132
4294967278,131
4294967278,130
4294967278,129
4294967278,128
4294967278,127
4294967278,126
4294967278,125
4294967278,124
4294967278,123
4294967278,122
4294967278,121
4294967278,120
4294967278,119
4294967278,118
4294967278,117
4294967278,116
4294967278,239
4294967278,115
4294967278,114
4294967278,113
4294967278,112
4294967278,111
4294967278,110
4294967278,109
4294967278,108
4294967278,107
4294967278,106
4294967278,105
4294967278,104
4294967278,103
4294967278,102
4294967278,379
4294967278,101
4294967278,100
4294967278,328
4294967278,99
4294967278,98
4294967278,366
4294967278,97
